start	end	rec
21700000	21800000	4.411313704920624e-09
21800000	21900000	2.213796297972416e-10
21900000	22000000	1.0461448901064602e-08
22000000	22100000	3.3870334781913404e-08
22100000	22200000	7.787059741290419e-09
22200000	22300000	1.5401871862838373e-08
22300000	22400000	2.4095433867427175e-08
22400000	22500000	1.379357638939988e-08
22500000	22600000	1.4302262654677633e-08
22600000	22700000	1.2641839262016803e-08
22700000	22800000	3.6388378442949536e-08
22800000	22900000	4.1091340971876395e-08
22900000	23000000	2.858413432216843e-08
23000000	23100000	5.535919436542219e-09
23100000	23200000	3.727460924197726e-09
23200000	23300000	6.272905893922099e-09
23300000	23400000	2.109465344267667e-08
23400000	23500000	1.839829162029454e-08
23500000	23600000	5.408211377513027e-08
23600000	23700000	1.639418393939963e-08
23700000	23800000	1.0334653454716059e-08
23800000	23900000	1.850443808696399e-08
23900000	24000000	3.226378074872372e-09
24000000	24100000	2.1906025002096283e-08
24100000	24200000	1.4266458462676413e-09
24200000	24300000	1.0206399867703471e-08
24300000	24400000	1.0713203703043983e-12
24400000	24500000	1.863487554071397e-09
24500000	24600000	7.301942482529846e-09
24600000	24700000	9.732986762076228e-09
24700000	24800000	6.21414421462096e-09
24800000	24900000	3.464919123539832e-08
24900000	25000000	1.3744588180333947e-08
25000000	25100000	3.1724725308144647e-08
25100000	25200000	2.981659654669269e-09
25200000	25300000	2.2903849980589012e-08
25300000	25400000	2.059091091056462e-08
25400000	25500000	1.8141201623061896e-08
25500000	25600000	3.647685184479687e-08
25600000	25700000	1.5737610909991023e-09
25700000	25800000	1.8690911189685706e-08
25800000	25900000	4.999003959402258e-08
25900000	26000000	2.5376143775438653e-08
26000000	26100000	4.563649909138806e-08
26100000	26200000	8.049520293074085e-09
26200000	26300000	9.866508707564948e-09
26300000	26400000	3.3322185453323485e-08
26400000	26500000	2.1600121156918594e-08
26500000	26600000	1.2524196665226179e-08
26600000	26700000	1.1898307476508015e-08
26700000	26800000	3.854005042620573e-08
26800000	26900000	4.3605033532721156e-08
26900000	27000000	4.072994634604066e-08
27000000	27100000	4.391798207223933e-08
27100000	27200000	3.4872143465485e-08
27200000	27300000	5.767861736921072e-08
27300000	27400000	2.326189201805749e-08
27400000	27500000	6.860177512490806e-08
27500000	27600000	3.141483723821641e-08
27600000	27700000	2.2660337585502403e-08
27700000	27800000	4.8379936216659666e-08
27800000	27900000	2.9596470157867023e-08
27900000	28000000	8.227583654875748e-10
28000000	28100000	2.0746348886067533e-22
28100000	28200000	1.8991404056118413e-22
28200000	28300000	1.9103588881222174e-22
28300000	28400000	2.0901436906278256e-22
28400000	28500000	2.079218781212522e-22
28500000	28600000	2.0692356837074123e-22
28600000	28700000	1.9118509222669467e-22
28700000	28800000	1.7947326044357266e-22
28800000	28900000	1.6558625695725155e-09
28900000	29000000	3.1465604954900815e-09
29000000	29100000	1.0126417544986499e-08
29100000	29200000	4.067089803034872e-09
29200000	29300000	2.1749795319526666e-08
29300000	29400000	2.074620274178874e-09
29400000	29500000	9.033020963610302e-09
29500000	29600000	1.1637043648922264e-09
29600000	29700000	3.739297313716846e-12
29700000	29800000	2.0178545888361936e-22
29800000	29900000	3.501301631120358e-22
29900000	30000000	4.0459731526065245e-22
30000000	30100000	1.6060331882407594e-12
30100000	30200000	1.1933257698679266e-09
30200000	30300000	1.07122932236091e-08
30300000	30400000	3.1284782880901483e-09
30400000	30500000	5.340104826347629e-09
30500000	30600000	6.2749318132508524e-09
30600000	30700000	7.98978912995705e-09
30700000	30800000	3.3145429597883563e-09
30800000	30900000	2.031392154533587e-22
30900000	31000000	2.460193680848613e-12
31000000	31100000	7.797773066416009e-09
31100000	31200000	4.766663461752251e-09
31200000	31300000	1.9976851207366444e-22
31300000	31400000	2.0515037935902554e-22
31400000	31500000	1.3272909219794536e-11
31500000	31600000	9.431887898000434e-11
31600000	31700000	2.0472890705892157e-09
31700000	31800000	1.0699103628136232e-11
31800000	31900000	1.671227302059962e-09
31900000	32000000	6.766307238498161e-09
32000000	32100000	1.1627989586598955e-09
32100000	32200000	5.0466159598446715e-09
32200000	32300000	1.9038738002992103e-08
32300000	32400000	6.812390015070626e-09
32400000	32500000	1.812989288346677e-08
32500000	32600000	3.4159124265549244e-08
32600000	32700000	1.8487644851743693e-08
32700000	32800000	1.0806280383322902e-08
32800000	32900000	1.1209415273752439e-08
32900000	33000000	1.3800189452803629e-10
33000000	33100000	1.3658481313077168e-08
33100000	33200000	3.259162903954111e-08
33200000	33300000	6.1280130932817156e-09
33300000	33400000	1.0793972167397247e-08
33400000	33500000	1.9714344605397063e-08
33500000	33600000	1.4148118133815663e-08
33600000	33700000	1.7760911624427905e-08
33700000	33800000	9.706224271045935e-09
33800000	33900000	1.0459272651084885e-08
33900000	34000000	1.9251757967484236e-08
34000000	34100000	9.032918490590046e-09
34100000	34200000	1.6362232385644164e-08
34200000	34300000	1.2781562698765919e-12
34300000	34400000	3.657126881391484e-22
34400000	34500000	3.6014789780216656e-22
34500000	34600000	1.610618858400961e-23
34600000	34700000	3.2116425383164215e-09
34700000	34800000	1.2022473029860679e-09
34800000	34900000	2.3073691663352535e-09
34900000	35000000	1.023714837675775e-08
35000000	35100000	1.210236693318975e-08
35100000	35200000	2.0906172976008094e-08
35200000	35300000	6.951468640785921e-09
35300000	35400000	8.114933570119074e-09
35400000	35500000	1.7068173128244567e-08
35500000	35600000	2.4021057329425472e-08
35600000	35700000	1.375766205285943e-08
35700000	35800000	1.571076836876115e-08
35800000	35900000	4.36910147981074e-12
35900000	36000000	2.8193559237383383e-10
36000000	36100000	8.71511886025798e-09
36100000	36200000	1.6374455583135582e-08
36200000	36300000	5.991069359782136e-08
36300000	36400000	8.413727570349002e-09
36400000	36500000	6.725249447320724e-09
36500000	36600000	4.015457470099836e-08
36600000	36700000	4.4376376830528895e-08
36700000	36800000	7.663442599191718e-09
36800000	36900000	6.111104336387334e-08
36900000	37000000	4.5849176902311494e-08
37000000	37100000	9.996781447839496e-09
37100000	37200000	5.406071764783753e-08
37200000	37300000	3.836701885619348e-08
37300000	37400000	3.081004920716777e-08
37400000	37500000	3.866834850325975e-09
37500000	37600000	3.3918842776757016e-08
37600000	37700000	4.545476552119548e-09
37700000	37800000	1.1359373979049233e-09
37800000	37900000	5.455649271449241e-09
37900000	38000000	1.9459125960492951e-22
38000000	38100000	2.4034301858649776e-11
38100000	38200000	9.605334191832762e-09
38200000	38300000	2.5890045710155087e-08
38300000	38400000	1.622694788960249e-08
38400000	38500000	1.4423094551145581e-08
38500000	38600000	3.8787929257711334e-12
38600000	38700000	2.0841616266368625e-22
38700000	38800000	1.0287365628064986e-08
38800000	38900000	1.301850767930094e-09
38900000	39000000	3.853869876971455e-08
39000000	39100000	1.3613926389091635e-08
39100000	39200000	2.6759286490177183e-08
39200000	39300000	1.376373156682267e-08
39300000	39400000	1.0538276895711274e-08
39400000	39500000	1.5630932340825853e-08
39500000	39600000	7.63328669630088e-09
39600000	39700000	1.0725618851454418e-08
39700000	39800000	1.6892159379720888e-08
39800000	39900000	2.7868703172891716e-22
39900000	40000000	7.990945416864571e-09
40000000	40100000	6.099592209624598e-10
40100000	40200000	6.488053693538235e-09
40200000	40300000	1.9813118419368442e-09
40300000	40400000	3.5821275556112913e-09
40400000	40500000	6.49326602857795e-10
40500000	40600000	1.8771926449483787e-11
40600000	40700000	8.464399541541423e-09
40700000	40800000	1.8262146162949176e-09
40800000	40900000	3.2427882488777686e-09
40900000	41000000	8.3988083528773e-10
41000000	41100000	1.5430116751629882e-09
41100000	41200000	2.1299258021120823e-22
41200000	41300000	5.473148355152441e-22
41300000	41400000	6.836436139472188e-22
41400000	41500000	4.257259840303003e-09
41500000	41600000	2.1696093506948153e-09
41600000	41700000	1.7422454335873194e-22
41700000	41800000	1.3520129481481925e-12
41800000	41900000	6.607567162873166e-10
41900000	42000000	3.0110582966696125e-09
42000000	42100000	8.35588892607754e-11
42100000	42200000	1.5013823448190508e-09
42200000	42300000	3.409191705493107e-09
42300000	42400000	6.9203017662526774e-09
42400000	42500000	3.805816528378423e-08
42500000	42600000	3.845146758049523e-09
42600000	42700000	7.524987481944923e-09
42700000	42800000	6.366482236187294e-09
42800000	42900000	4.986660488180156e-10
42900000	43000000	2.6854986806886352e-12
43000000	43100000	1.1646772435071856e-08
43100000	43200000	2.9900032136248777e-08
43200000	43300000	2.44096526977523e-08
43300000	43400000	1.979482444263224e-08
43400000	43500000	9.916364689539801e-09
43500000	43600000	4.188566121279241e-09
43600000	43700000	1.7154725128737856e-22
43700000	43800000	2.0048513900271822e-22
43800000	43900000	1.408345198871199e-10
43900000	44000000	3.4443637121193984e-08
44000000	44100000	3.1993588581972445e-08
44100000	44200000	6.092329952425572e-08
44200000	44300000	1.7957555357190473e-08
44300000	44400000	3.62523476739204e-08
44400000	44500000	3.095259032315187e-08
44500000	44600000	2.9001128217493815e-08
44600000	44700000	3.6545095434238985e-08
44700000	44800000	5.2844872893000155e-08
44800000	44900000	1.5514338481169848e-08
44900000	45000000	3.3967794503466807e-09
45000000	45100000	6.275218281358126e-08
45100000	45200000	1.4248956855799002e-08
45200000	45300000	2.4731391829339584e-08
45300000	45400000	3.1427121365966678e-09
45400000	45500000	2.0987505090408915e-08
45500000	45600000	3.463450865817216e-08
45600000	45700000	1.0091481300743801e-08
